Name	ShapeQuery	Rank	TanimotoCombo	ShapeTanimoto	ColorTanimoto	FitTverskyCombo	FitTversky	FitColorTversky	RefTverskyCombo	RefTversky	RefColorTversky	ScaledColor	ComboScore	ColorScore	Overlap	
ZINC04082559_14	DKPES_CSD_MMMF_1_26	0	 1.221	 0.839	 0.382	 1.470	 0.938	 0.532	 1.463	 0.888	 0.575	 0.578	 1.417	-6.355	1196.797
ZINC04025723_10	DKPES_CSD_MMMF_1_30	0	 1.408	 0.844	 0.564	 1.747	 0.955	 0.792	 1.541	 0.879	 0.661	 0.655	 1.500	-7.209	1184.702
ZINC13470739_25	DKPES_CSD_MMMF_1_3	0	 1.180	 0.830	 0.350	 1.445	 0.903	 0.542	 1.408	 0.911	 0.497	 0.495	 1.325	-5.445	1233.127
ZINC05276019_4	DKPES_CSD_MMMF_1_6	0	 1.384	 0.860	 0.524	 1.637	 0.949	 0.688	 1.589	 0.901	 0.688	 0.688	 1.547	-7.566	1216.017
ZINC06036237_10	DKPES_CSD_MMMF_1_18	0	 1.354	 0.833	 0.520	 1.616	 0.958	 0.659	 1.578	 0.865	 0.712	 0.716	 1.549	-7.872	1166.510
ZINC03782605_12	DKPES_CSD_MMMF_1_18	0	 1.169	 0.850	 0.319	 1.508	 0.977	 0.532	 1.312	 0.868	 0.444	 0.440	 1.290	-4.839	1168.868
ZINC00826952_158	DKPES_CSD_MMMF_1_30	0	 1.146	 0.798	 0.348	 1.483	 0.944	 0.539	 1.332	 0.838	 0.495	 0.492	 1.290	-5.417	1126.150
ZINC04026837_65	DKPES_CSD_MMMF_1_10	0	 1.336	 0.828	 0.508	 1.660	 0.957	 0.704	 1.506	 0.860	 0.646	 0.643	 1.471	-7.075	1158.265
ZINC04095893_172	DKPES_CSD_MMMF_1_8	0	 1.195	 0.739	 0.456	 1.417	 0.835	 0.583	 1.543	 0.866	 0.677	 0.683	 1.422	-7.515	1172.979
ZINC12658896_61	DKPES_CSD_MMMF_1_12	0	 1.344	 0.821	 0.523	 1.533	 0.846	 0.687	 1.653	 0.966	 0.687	 0.687	 1.508	-7.554	1317.655
ZINC04097471_31	DKPES_CSD_MMMF_1_26	0	 1.173	 0.831	 0.342	 1.378	 0.918	 0.460	 1.469	 0.897	 0.571	 0.579	 1.410	-6.370	1211.913
ZINC01183822_2	DKPES_CSD_MMMF_1_31	0	 1.160	 0.782	 0.378	 1.441	 0.892	 0.549	 1.412	 0.863	 0.549	 0.549	 1.330	-6.036	1167.212
ZINC14591952_45	DKPES_CSD_MMMF_1_10	0	 0.744	 0.437	 0.308	 1.686	 1.046	 0.640	 0.801	 0.429	 0.372	 0.364	 0.800	-4.000	561.807
ZINC78224296_19	DKPES_CSD_MMMF_1_31	0	 1.063	 0.765	 0.298	 1.346	 0.904	 0.442	 1.310	 0.832	 0.478	 0.480	 1.245	-5.278	1122.302
ZINC12289281_28	DKPES_CSD_MMMF_1_18	0	 1.186	 0.814	 0.371	 1.473	 0.907	 0.566	 1.408	 0.889	 0.519	 0.517	 1.331	-5.687	1203.801
ZINC08789094_76	DKPES_CSD_MMMF_1_14	0	 1.355	 0.873	 0.483	 1.539	 0.912	 0.627	 1.630	 0.952	 0.678	 0.681	 1.553	-7.487	1292.392
ZINC03876071_1	DKPES_CSD_MMMF_1_18	0	 1.115	 0.764	 0.351	 1.315	 0.847	 0.469	 1.469	 0.887	 0.582	 0.590	 1.354	-6.491	1205.136
ZINC71770953_75	DKPES_CSD_MMMF_1_15	0	 1.222	 0.713	 0.509	 1.555	 0.850	 0.705	 1.463	 0.816	 0.647	 0.644	 1.357	-7.085	1099.029
ZINC08788913_193	DKPES_CSD_MMMF_1_0	0	 1.422	 0.878	 0.544	 1.666	 0.930	 0.736	 1.616	 0.941	 0.676	 0.673	 1.551	-7.398	1271.515
ZINC12494532_13	DKPES_CSD_MMMF_1_27	0	 0.999	 0.680	 0.319	 1.280	 0.815	 0.465	 1.308	 0.805	 0.503	 0.506	 1.186	-5.562	1086.704
ZINC03882049_7	DKPES_CSD_MMMF_1_18	0	 1.155	 0.791	 0.364	 1.345	 0.864	 0.481	 1.502	 0.904	 0.598	 0.606	 1.397	-6.669	1228.569
ZINC01532179_0	DKPES_CSD_MMMF_1_16	0	 0.965	 0.633	 0.332	 1.896	 1.143	 0.752	 0.959	 0.586	 0.373	 0.363	 0.995	-3.988	770.823
ZINC04282168_148	DKPES_CSD_MMMF_1_8	0	 1.206	 0.757	 0.448	 1.378	 0.835	 0.544	 1.610	 0.891	 0.718	 0.731	 1.489	-8.046	1209.827
ZINC06036243_24	DKPES_CSD_MMMF_1_18	0	 1.385	 0.861	 0.523	 1.713	 0.958	 0.755	 1.526	 0.895	 0.630	 0.625	 1.486	-6.872	1208.946
ZINC83291832_157	DKPES_CSD_MMMF_1_8	0	 1.354	 0.852	 0.501	 1.478	 0.891	 0.587	 1.727	 0.952	 0.775	 0.789	 1.641	-8.683	1291.668
ZINC40576706_0	DKPES_CSD_MMMF_1_23	0	 1.235	 0.835	 0.400	 1.594	 0.997	 0.597	 1.385	 0.837	 0.548	 0.545	 1.381	-6.000	1122.979
ZINC04026280_8	DKPES_CSD_MMMF_1_32	0	 1.184	 0.708	 0.476	 1.692	 0.886	 0.806	 1.316	 0.779	 0.537	 0.528	 1.235	-5.804	1045.931
ZINC03872513_182	DKPES_CSD_MMMF_1_26	0	 1.182	 0.732	 0.450	 1.571	 0.888	 0.682	 1.375	 0.806	 0.570	 0.565	 1.296	-6.211	1083.714
ZINC72400307_16	DKPES_CSD_MMMF_1_4	0	 1.221	 0.809	 0.413	 1.401	 0.888	 0.513	 1.579	 0.901	 0.678	 0.691	 1.499	-7.596	1218.799
ZINC71767511_1	DKPES_CSD_MMMF_1_18	0	 1.364	 0.832	 0.531	 1.642	 0.948	 0.694	 1.566	 0.872	 0.694	 0.694	 1.526	-7.635	1176.629
ZINC70666191_27	DKPES_CSD_MMMF_1_0	0	 1.117	 0.797	 0.321	 1.278	 0.851	 0.427	 1.489	 0.925	 0.564	 0.574	 1.371	-6.316	1256.029
ZINC04026083_11	DKPES_CSD_MMMF_1_18	0	 1.386	 0.870	 0.516	 1.707	 0.996	 0.711	 1.525	 0.873	 0.653	 0.650	 1.520	-7.145	1174.839
ZINC06036223_2	DKPES_CSD_MMMF_1_18	0	 1.375	 0.855	 0.520	 1.702	 0.987	 0.715	 1.521	 0.865	 0.656	 0.653	 1.508	-7.184	1163.930
ZINC01845398_0	DKPES_CSD_MMMF_1_6	0	 0.510	 0.221	 0.289	 1.465	 0.789	 0.676	 0.570	 0.235	 0.335	 0.326	 0.547	-3.584	306.700
ZINC22058386_26	DKPES_CSD_MMMF_1_7	0	 1.023	 0.655	 0.368	 1.482	 0.921	 0.562	 1.210	 0.695	 0.515	 0.513	 1.168	-5.644	926.560
ZINC12362710_1	DKPES_CSD_MMMF_1_31	0	 1.181	 0.771	 0.410	 1.479	 0.871	 0.608	 1.428	 0.870	 0.558	 0.555	 1.326	-6.110	1178.796
ZINC59528245_32	DKPES_CSD_MMMF_1_18	0	 1.188	 0.839	 0.349	 1.469	 0.928	 0.540	 1.394	 0.898	 0.496	 0.494	 1.333	-5.431	1214.537
ZINC09033652_102	DKPES_CSD_MMMF_1_5	0	 1.363	 0.862	 0.501	 1.575	 0.908	 0.667	 1.612	 0.944	 0.667	 0.667	 1.529	-7.341	1279.569
ZINC04097469_12	DKPES_CSD_MMMF_1_18	0	 1.050	 0.764	 0.286	 1.248	 0.846	 0.402	 1.386	 0.887	 0.499	 0.506	 1.270	-5.563	1204.971
ZINC02352230_26	DKPES_CSD_MMMF_1_19	0	 1.141	 0.760	 0.382	 1.478	 0.871	 0.607	 1.363	 0.856	 0.507	 0.502	 1.262	-5.525	1156.300
ZINC21991623_1	DKPES_CSD_MMMF_1_23	0	 1.154	 0.781	 0.372	 1.657	 0.979	 0.678	 1.247	 0.795	 0.452	 0.444	 1.225	-4.885	1064.181
ZINC35044325_189	DKPES_CSD_MMMF_1_15	0	 1.296	 0.766	 0.530	 1.497	 0.853	 0.644	 1.632	 0.883	 0.749	 0.756	 1.522	-8.312	1194.401
ZINC39577812_34	DKPES_CSD_MMMF_1_18	0	 1.356	 0.838	 0.517	 1.691	 0.896	 0.795	 1.526	 0.929	 0.597	 0.589	 1.427	-6.479	1262.036
ZINC65739653_4	DKPES_CSD_MMMF_1_26	0	 1.145	 0.818	 0.327	 1.491	 0.948	 0.542	 1.308	 0.856	 0.453	 0.448	 1.266	-4.932	1150.866
ZINC03881406_184	DKPES_CSD_MMMF_1_0	0	 1.424	 0.870	 0.554	 1.673	 0.927	 0.745	 1.617	 0.933	 0.684	 0.681	 1.551	-7.491	1261.232
ZINC06036223_2	DKPES_CSD_MMMF_1_18	0	 1.375	 0.855	 0.520	 1.702	 0.987	 0.715	 1.521	 0.865	 0.656	 0.653	 1.508	-7.184	1163.948
106765-04-2_0	DKPES_CSD_MMMF_1_32	0	 1.123	 0.744	 0.379	 1.618	 0.931	 0.687	 1.246	 0.788	 0.458	 0.450	 1.194	-4.945	1056.613
2464-18-8_1	DKPES_CSD_MMMF_1_18	0	 1.251	 0.843	 0.408	 1.470	 0.947	 0.523	 1.535	 0.885	 0.650	 0.659	 1.502	-7.250	1195.047
6561-58-6_5	DKPES_CSD_MMMF_1_16	0	 1.461	 0.906	 0.555	 1.659	 0.972	 0.687	 1.674	 0.930	 0.743	 0.747	 1.652	-8.214	1253.161
ENE1_18	DKPES_CSD_MMMF_1_12	0	 1.812	 0.978	 0.834	 1.822	 0.976	 0.846	 1.985	 1.002	 0.983	 0.992	 1.970	-10.911	1357.732
ENE3_32	DKPES_CSD_MMMF_1_15	0	 1.649	 0.963	 0.686	 1.704	 0.970	 0.734	 1.905	 0.992	 0.912	 0.925	 1.887	-10.171	1341.629
16409-34-0_65	DKPES_CSD_MMMF_1_4	0	 1.257	 0.830	 0.427	 1.438	 0.898	 0.540	 1.588	 0.917	 0.671	 0.680	 1.510	-7.479	1241.468
52205-73-9_158	DKPES_CSD_MMMF_1_24	0	 1.100	 0.700	 0.400	 1.432	 0.804	 0.628	 1.368	 0.844	 0.524	 0.519	 1.220	-5.711	1145.614
6785-62-2_29	DKPES_CSD_MMMF_1_22	0	 1.411	 0.865	 0.546	 1.761	 0.985	 0.777	 1.525	 0.877	 0.648	 0.642	 1.507	-7.067	1179.065
ENE4_50	DKPES_CSD_MMMF_1_20	0	 1.511	 0.889	 0.622	 1.624	 0.932	 0.692	 1.811	 0.951	 0.860	 0.872	 1.761	-9.590	1286.317
ENE2_1_6_17	DKPES_CSD_MMMF_1_10	0	 1.751	 0.964	 0.788	 1.786	 0.967	 0.820	 1.949	 0.997	 0.953	 0.961	 1.925	-10.574	1351.912
ZINC06036225_12	DKPES_CSD_MMMF_1_18	0	 1.402	 0.840	 0.562	 1.769	 0.978	 0.790	 1.516	 0.856	 0.660	 0.654	 1.494	-7.192	1152.860
